20
35.85390812255051 -5.401382423232544
-211.12163639212176 86.67728599694938
-294.33459013086116 63.118542541666436
106.98974319762381 -50.98941251308594
474.69808372848723 -306.5881663556844
-282.18930632373485 469.6068144889583
34.08041704499186 -236.4628211531079
381.6734250920988 547.8911942438926
84.33616967656897 -266.86533341843796
-38.38668376072305 75.19909047213206
-210.1726541382285 138.89051359364942
-11.818544266581938 89.83912557097045
-369.24455535996316 -486.0586017852576
-65.00200432281986 -518.0094268085746
-58.04574707389972 -19.507027110679008
274.0347593215689 289.9333546720603
326.2205826321188 368.0725965261518
-94.97767428512239 215.88942208184082
409.806005973796 276.11499110393294
-916.8884286069529 -59.025910668681746
