1000
-204.303244858401 -57.25935632749236
316.40312775579144 330.08253646208817
318.83638656719313 -319.81618219369426
96.46400801528823 -319.7171955707573
167.42130248994022 -488.9040805852654
-197.46926329743312 39.49910287460458
-128.11157751503373 -259.41305304247044
269.29702070666207 111.85112260653314
79.83584441659694 81.60608229702095
329.7862507758301 363.5184043759897
580.3544873536657 -278.97118785076924
-171.63106817214427 -314.80255612079236
81.90950286347427 149.3154549356893
327.0888248347511 242.16233876210978
-180.15817844124462 418.2290159389534
-122.9904229935549 -43.43855111382925
312.39041697448283 74.69825649778008
83.53442678649739 524.693712224599
70.85657519026361 555.5895608294492
14.556737558068855 -589.341823660395
372.5830165487991 4.710448876274941
-5.455544850958994 -283.7399134377394
-550.5717085605298 -148.74955762769474
166.1498296092716 139.63250393751684
90.51240841939402 -305.97285844384254
63.41515568678908 266.9765706132837
-254.7683967191511 -322.1117818268359
-80.69461101436765 -435.12240489138725
261.2888910476429 -279.0319427625178
483.74888490987996 313.08274962378397
579.8552568859858 -612.337515696085
249.4006841010743 -173.4288621953127
199.99256173811045 -10.175823934801622
-90.4977648487823 14.52214618437653
288.1907623753649 -278.7609180948849
-92.51421645792935 446.43208587118977
-539.5932614107019 35.589317448189355
12.887308778046071 -283.86004915354226
567.061311433061 174.8751617553691
-50.84093432427514 234.07351639716958
46.23340350758647 -248.21255258035606
275.3341429051138 580.5033258702878
462.7897610457645 -86.57623562793772
51.350463172834644 -206.72919248829479
-250.70758910794862 350.04042401313495
151.86285403285345 -579.6275919984649
-95.4858523528066 -61.473437150224626
88.41594417684422 213.8008731567402
-952.7793206125629 336.56492653120785
54.42390990651832 530.3430445503153
-373.7443452900554 239.80651085184397
-374.27157427223585 -504.80384152936307
-338.29859459760456 -633.8844122787349
-229.95372912200153 522.0285959891855
-499.41611836576027 -187.97501655473482
667.9076182041098 -517.904165090307
-331.1859529185051 -296.72081461549146
124.14343683919469 -464.3003013308296
459.0508806287676 235.7285238903607
401.92187217488834 152.58130217370658
87.75533396128107 353.2393057637358
-105.67052229493369 494.3579159285038
118.18604204115044 -420.30560469644405
52.0717355542237 -610.3809954739502
76.80567592850562 62.71123927981349
-13.085276771768214 -292.33588015070023
-9.011163339581904 75.47281272179337
-69.13209062929619 -414.6190567316984
246.73401765301998 478.9976527338488
-60.73403552816033 -282.62542570652636
-191.48314642469637 316.23536286781007
-461.0541404113097 413.63269908331966
329.7649882195897 -393.6165434422195
619.241525636157 -145.36218861130894
-276.6753966424461 -35.75297821139962
112.47227419011804 386.61578177460734
325.7740949898755 184.25198730243173
612.9634431135079 -27.997763213766653
425.00448879257846 -266.8169964305475
-104.39723605869823 67.93137057508797
45.837115598560416 346.30752689922036
284.0439983347624 317.40844801276023
535.0578176440274 407.4774366066295
-51.94490420290924 221.4257902955019
-231.6793723661069 -985.3330609978582
-47.08559640296724 -61.98763885767604
158.3605964334944 -99.64263560899253
-249.60896596402625 -334.6942140386839
-27.41993049892011 540.5545220123803
-225.65887109632573 210.22476639262212
176.21541637312254 -351.02408860190457
-168.31609668356955 69.03895229134068
-689.8376284732897 -176.2843897333123
-487.4984877931067 -215.6715428409363
-346.4736417447166 290.0665547181164
-302.866108107941 -219.53392835431495
71.77852398053517 302.4633926037511
-160.6924708618577 -320.52762128463024
-44.343769308986886 -78.46649353998802
76.26077686225744 732.8815013357289
-103.865259134829 -113.96146822928625
-670.2367821952332 674.8098743303693
13.105659833090986 -140.60150886469935
342.4473128688782 226.5118858262727
880.1658570255014 -326.5629181567831
-133.03416964044666 410.44477445367096
-482.4335277104053 255.8251259897639
-186.51058499529134 -18.534165734473085
-150.38303337145578 886.8549566657365
-51.58590223753813 439.62169025493716
-156.83580629345113 49.76399181360764
353.84451182472526 -433.93156820614945
76.19515203570211 -622.5596230409798
512.4185667940501 140.57825391977104
-326.6481278589223 -478.8667378812182
-221.3934798926647 359.86365103505585
240.56414517544593 -382.73869269103375
179.4646953645807 -502.2236061957726
-380.3636770420973 -75.9973729697469
-243.6019768192419 -417.7146817815477
-215.1546471830535 -583.0806847528635
11.980917486663103 629.3270906315952
-157.0890087143735 -78.86075206940077
193.2857703791309 286.49923349747843
-467.75607211625385 -176.0412519665058
-47.296895086079566 692.3296118247749
-244.46507669428712 -757.3409362275322
-50.26139122166433 224.20966058462497
66.24395212277233 208.8262650302966
324.59717891620835 94.78321533939952
209.41278924287107 134.49639142430013
148.8562636774601 -373.4217908859509
-222.4003365446838 -222.06567171476067
400.0897744588268 50.06425948180861
-458.4127327564526 38.238297660762115
-161.74290173287233 -36.95352451240575
-159.25183244964654 141.27544600191038
-182.1329703686135 390.65004862718973
-355.4868816900496 -149.58088972173996
162.78222793832236 -55.13054843280779
-222.58782824484015 -306.2307778272206
-195.8124246186665 -45.014897098637014
-535.443575805938 240.45962236720658
-601.8494678685801 -51.058386040079284
-296.48686027842865 484.08828413953313
-359.6964254819056 272.5086463393499
257.2528762284486 195.79756808425518
-336.36825205525145 -28.76414167279359
564.5000204373658 -492.8310306873724
145.97763800530421 -36.01993515833261
41.66362324914624 -158.31057789441013
67.68944609775035 -349.518373874123
414.95967852619873 -384.31857292507806
-428.04572411619125 -125.44528782189691
-497.7193077686633 244.99790339049525
-458.24578916614865 96.09136783503978
-382.2183084215856 -88.76971130641425
-294.73798639174817 514.8712083268377
59.42566622995868 -421.622447207986
-389.36964729259506 315.4386185084927
230.79711498302444 -183.21667908430015
634.7671702728857 629.9404331669919
-323.8186763893958 -237.60141928726998
260.97823817216727 -614.8321689126096
-595.9443419363364 -973.8531521874314
-499.4052450703452 124.72976581211621
30.09688720084385 216.51026667910747
-31.76129716435673 -201.6574754878502
47.27373303866479 -384.012968215158
-241.6314957029067 249.52423915432925
236.0361871031986 -526.3933735321858
249.64718565457716 410.8878024613354
-36.64983366667402 178.02734300834098
-395.1875415802265 -325.2699882990124
62.9420979844895 -809.5189461107494
-124.41485369246884 292.8602563873963
103.79757331965521 259.23700639852495
66.0214480076948 -197.5158947809713
895.0243877861835 206.07895275994767
-288.1819388017267 -345.99631459373353
-105.96038618001603 -177.35688518190744
220.83488625151924 -399.67733835225533
-494.6582303410709 -239.25507076802117
88.6353246926758 373.5780863001063
249.48566883374704 172.52469103148061
376.2695396715343 -14.41255780662223
-569.0435869648461 312.0466445510638
713.6441671885889 -440.55048617228505
-375.24098596268965 243.24006153942426
-588.5765268859552 -370.74700907061333
154.02620860608977 424.04616002206814
-58.39190999434972 384.3744125982044
-238.36069842663113 -499.0285709438437
680.0361619490219 -203.19905454586453
-258.7026236236413 -165.25155697480423
262.138544696875 94.0781064986326
-334.47268449377947 47.9114913390905
-17.492060517053634 232.87879401671535
186.49916400125662 155.9517316828634
24.29886931374812 241.51939980791937
-54.20282202348582 45.93253694611837
-734.1594753199336 -431.96432352495765
-2.658765845696181 338.9814322644081
651.6200893993297 -172.46870417517422
203.43645286294947 -843.6221643505532
-7.706633867073995 68.03562663801681
-528.9477063680692 233.8506596171083
98.70492877797 173.8294860733824
716.852061215342 16.595010203616173
-242.29764650905003 -163.62262177416767
-294.9769088150067 -333.27912957813163
73.04860256187499 -274.1919850937785
373.8660819995053 508.4459856960224
-285.41947416444555 27.909898920030034
530.967474474469 379.185542397265
229.39662018227133 66.03576629931307
242.7268372016297 -724.6665577756381
221.67620096872363 -326.67864793506766
-171.42039558384928 492.5162480114987
613.8293871344922 209.95898051298587
-14.773432885068644 145.9535698958735
7.314100906567072 -93.31381075015683
-247.22447930874847 361.6415888351933
-48.24613047275233 -948.3521859166203
55.16904309404278 -37.48218437966056
-110.50196994509761 -125.11184535372148
-306.5994702646703 -549.7438982545199
-260.77987606497226 -103.29298621508643
-127.81762743919622 -679.0490928518087
587.5117452051304 678.1310342623976
219.5716376551916 -891.6513880938536
168.09130650545174 123.08915056756966
-408.3838628772671 238.88414649383915
101.09991007572438 -196.9081529237537
-160.48736958010252 442.7328864926744
-267.97183078530884 -106.82249206766399
33.21518494030067 -184.19401925432518
-158.1571464924601 -22.81779854164038
-144.57127576602602 270.1970386612377
411.4128393669221 -312.76085802815203
321.0680270158514 355.63261632126836
-200.87634002698198 -210.68375735129388
193.89644819196897 -483.27755087018085
97.91626088851206 9.676871184937445
421.6816928594342 432.5070068424587
-446.15507323348646 491.6743024438812
610.2446229079948 402.2154643999868
-543.9778788283438 -420.1362345190496
-187.7562679315174 -125.55832229828718
181.68324552424892 115.21610258045591
-417.3916457334319 -225.84016224358714
76.69968359533088 -505.58380447603673
449.8846231847454 138.04560580292565
90.67610395712649 -77.0333673076505
-173.726357963286 347.7327731066278
228.43763800172414 -425.03029259730647
72.29778597836746 -188.00413718420225
-738.2541043522206 70.84364027201909
641.9053040844913 -160.54639323467936
137.28122157501022 117.4579672934473
-445.7342260252025 112.89034719350035
947.5112055153562 129.75599178595667
614.9372911995873 84.19992058411017
-6.791479784271506 294.0708753850478
-224.54190622208526 -475.30043091094615
-2.9983585170454745 -219.94445558993843
98.86741460412843 321.16527795132833
-4.467442137925583 -140.28530258428077
379.1125882866231 573.6829655321599
-147.57202578312445 -31.42246681474162
-457.05598109710076 -91.0926967649399
-428.761163664628 714.5000558256767
32.47553136778088 -94.79566244135823
-58.737136131838994 439.8956395083138
470.5029916733489 -149.4152217472541
-377.7873663071247 164.29595034572372
186.00181232378057 -280.7564153379453
-332.72174651361604 -323.73781421754506
-149.22529473977264 79.04332433123233
248.51162512494852 -171.79202130259
160.13165587674686 -529.0718823650557
-170.53105069359395 -207.34766324039742
-231.71073470294502 -566.3871513221748
-376.34602025850774 -90.68993645275202
355.5835124792264 65.90174667091394
25.959482039706153 340.00206031364127
18.208252906815837 157.39415442021576
-319.7962822373754 315.42350961475836
-229.59363733351125 172.08365347951664
580.6383596807487 -100.43720810782303
33.59526616006037 -233.9785073287258
4.6419782977667365 670.8559160379689
192.59933443349811 -46.73286034190328
-245.26139695714232 337.12730826143655
-296.89144632186606 250.2787572410809
-3.389475870672416 138.91789764670233
-423.5270697991619 -326.55036535070195
320.85666678538814 -2.774502328193296
-381.2898143226059 66.4239840350694
-412.2904481793035 -12.365283818345654
-57.958454640952375 -202.9631694558907
653.7276917086987 588.8515137276466
-278.8764469908416 -270.16947569413554
-265.86186870171014 -370.026255689609
106.86587831124841 91.47980905351976
285.80027683372003 426.5074802858531
8.136692033291386 -197.87913379809058
200.09480204380307 531.970291172297
133.56389346122566 485.64883965669014
-442.2734135747943 151.47241949361808
35.41181310403518 -502.81578796179485
673.6572189643363 171.84661391144564
330.93486553050457 268.14896463305143
36.15000704018398 -396.3937117440888
10.29747049462862 -498.0178379128337
177.58186184989302 -324.7717365135059
550.8950921675224 78.25704845812665
-341.70843650762396 -507.6053801858546
-343.59489220370847 703.3319229879339
-360.17707998818827 103.84056917034215
-321.27459393091135 190.70027703019332
-406.36427213662773 -171.1383268566117
9.33083780168311 -445.11279430569886
-339.4794157001058 261.5500556126107
216.31160434779267 -252.57070995964332
187.6499813814276 -176.41439247488324
-514.1564380972309 109.48364646085093
194.38982438992332 92.6808922787977
-313.42689457164823 -340.8857933824601
-440.3669057554706 182.4894299410529
-56.15243459320839 499.89140091986945
199.64720526910202 336.9245582047828
151.32827412903745 36.27665893493483
-528.0315010512553 -366.37510169387946
-564.4517644952775 -147.20407723784606
317.3579061964775 617.9114671973094
83.0241831271646 -154.56912305252084
388.54975960981443 319.854946243167
-239.89331657055752 -155.16855508424445
623.949135558002 296.6335665559651
113.8788915661382 -184.92947213259433
-704.0858225995116 295.02360458878775
91.8314840092383 -57.78817643341003
-653.5130330517294 158.94018513225026
-209.18450510014836 88.14477255407175
-80.04222252631573 237.95330957311128
247.73576330557194 276.5806682131403
-85.95128554784038 -136.14864013770946
142.56035660196576 25.63727003574832
346.9669842983157 39.62565325022054
35.03402358277543 -368.2303723225141
-43.172953748740134 747.4620157131095
-33.85926125845091 -427.61118023970096
69.16704826075951 -326.99427916319706
45.35270749212487 395.2072101908224
41.404044323449725 -226.2521896842878
-3.0613436451559695 -306.42264020843817
-98.77414476943638 419.92672874178174
941.668316766055 557.5657590738077
345.91237418574786 -14.773775476414698
352.46649622249 361.7992274289932
244.21731178898202 -234.76124411715526
217.72378392193622 117.95361134040444
-287.1879962504702 -52.664369239370686
16.14035927874641 -394.9649041641931
-175.22388197418582 52.887705066406134
-691.8202639789104 -238.0614165384914
557.0281032884457 -454.98290779654496
310.86803751181867 -125.89012325641657
-242.26481949409683 451.19350870438393
375.28774217319716 342.0301157734579
-62.76900400273098 29.296807387157116
-123.54902062725877 -15.610551006836642
86.18493776239211 -345.38901687749114
247.48328924303533 189.50412941314121
-128.95216856338917 -384.8768045883387
-364.13716983629183 -283.33933056755444
35.003166721855834 -247.51412531335635
363.86584891320115 -188.58084177996648
185.66989105097556 616.0741222275394
250.75949242322824 -289.2135752183665
-170.42390260985326 335.58637801748023
123.2848149896277 120.4138256581219
89.97607505685892 -291.957848630316
-366.1432701611626 518.3580984172096
235.4688317153642 -132.29092456234338
207.38457950382875 -94.05602269720846
-88.23031201822324 -91.65871592821601
-110.50794153639673 145.61710481300346
-383.0594105226189 85.94615553263223
-566.744356442126 203.20896714632693
344.0181407577373 394.9631539949291
-24.127046473652186 185.0379934852001
-269.4295974677791 47.680808026811185
196.4867273365669 151.49621638143068
183.11810699559285 389.5241101230687
-447.42839760151054 -534.1348870868063
-533.8616052335935 -211.23122969521665
-870.7626688062721 -157.88058618546955
593.9613029760393 174.52883265472923
-265.0708067985867 -105.02716307021117
111.17380382580761 -174.76447671240555
-417.3204466389725 113.73707530957677
-139.3670942951779 352.9183158246894
322.7201785314175 -711.6266597010007
-419.58220287269904 238.17162566899933
74.74658756054374 620.9901342746432
-107.73979908911086 -114.75233669484388
-816.2663374361154 164.70798536561605
-428.564958932903 -230.41779050313747
371.2537127301201 -10.001098581709494
59.37064144771836 -180.49057342004232
-271.63674593546557 -41.00990986804224
-404.69179680464794 -215.9132969907903
364.54055997679 -86.14014305609255
-83.63546392716377 -370.83239561468446
-646.3213530038926 -898.8454511056023
-49.095333562369284 -823.8426991732243
70.01289645773873 -125.0012099018345
171.82282461706404 304.1550113423352
-290.89588852588264 -554.9160865987615
-167.5437544310129 463.63505584935353
414.57080023893946 115.21051405309136
-371.77184607529955 483.22306544443137
-334.91681779879326 -348.7669971635749
-63.26377211078178 -726.8484505915885
685.4482047673573 -580.4780603085596
195.90841386078642 336.4930557182213
-164.29519569242962 -74.336407163692
342.8143903276139 -101.38619383482086
549.733727122203 -828.639707850469
188.66217259615044 -420.9162500057177
-276.0346821781627 303.8503811029376
-221.8720285009654 -97.56246286793655
-719.48254670832 103.84703649875925
283.8917910248145 569.8533921251578
680.4504637348093 57.32739439812641
-503.00670420375474 -172.29447540411724
603.9021459442064 -188.05317240896397
-21.839912634903264 474.26701344459497
-51.494080546205225 -502.51276486098004
201.22640321674538 -426.3753707701435
-269.55790686111436 -304.36395513122926
-324.80895635171856 162.03483165710549
59.59861481674922 64.3811879415683
-57.75274639512568 -93.46500474019325
311.8202704570088 -141.71330307005337
571.2824874329704 -578.3141767228091
335.5691210029256 -163.4346429036249
235.80959232801328 -356.2664371767793
-289.7775967449118 -190.91217069675426
-328.66347988285804 289.5380569713164
344.98288478550944 22.782841624137806
253.37215757474502 158.5619673760745
-714.3213955085035 65.94408038870286
-483.64458082104755 242.67239876837613
-321.5084242609516 -24.006501039517392
-634.5632039770527 401.5226391505389
-102.33367248639227 -457.03336785720757
-751.0344671113377 -48.69315262616089
-949.3630202213728 -47.95856156989094
-603.8058406651379 288.3873360432391
285.3814004602415 -548.002405523154
315.4169472859598 257.45980357473957
32.116217929138294 -934.6813720816053
92.37009371994162 -214.690287566491
-115.41839681907074 18.943384711376467
944.7366541109748 41.61922089223271
257.3989011194953 226.095266386857
-436.4434628858978 42.635420151557845
545.394399657459 313.45226645958087
-120.2250570274881 378.00114264097675
284.0757353408229 736.7373329186513
387.1313660250472 479.6271346478133
782.544054084446 -50.31020868582464
96.37855261746972 -18.27100238438944
2.5312475392619564 -116.95597878607352
-3.9860300855150204 25.88635452159657
228.11323062201052 -224.4364122162578
133.8415164405213 -261.611102037565
666.165082165075 103.69681337076808
-562.1914135131391 -334.3308217059813
289.2092110873967 195.33619208438964
888.9975632581047 -213.6147228790702
379.7036001976678 -315.821789684251
-175.23432774326636 196.23034023581695
-192.1177295837648 110.35291748661722
384.97096594873994 -248.823230307578
23.397991173982504 133.85188442381045
194.9912152597788 390.38600644521244
-29.369546694490364 -227.96850079886119
-189.55945525045763 -98.17452356002782
281.96467907690595 -37.83669746704212
-30.248359995841692 392.9879780473051
-662.9114774831819 -120.19615881819334
575.7495081048805 155.91358106777744
516.2254985785158 -56.43895746826986
63.35471785128502 -130.41812582132758
-656.4878051669914 -622.1323974946997
151.2589964628388 846.9098017738228
33.37045235587577 -236.37093030103827
69.17222500826793 -612.3404960776253
423.52630649025383 -284.3856108634315
-39.203735763071194 -118.31488133204759
3.821423345397479 -118.97309548400499
258.86386483488303 -16.006749625064455
-80.03981293640409 -329.4511896581581
148.88299733043033 -439.14674328615604
-498.58760421468696 125.4269822752895
14.199155814751103 -305.4407420206109
-415.93720253368093 223.2804471546197
208.84849475340081 244.4697792623724
-80.20837229055809 238.0984872731825
-382.94332466663855 3.9703640086376515
114.95186772689236 311.3185650823482
-129.44061144313656 -172.3935856562123
-447.236070114228 -53.40839479922929
247.01992913315098 -437.9244548018099
382.4362647588773 308.11558590332515
292.204225521704 112.2093079948295
122.07861929061697 173.84830542029704
41.291443897252414 289.43069703357617
362.5253414475054 308.30621889517914
432.65220492049303 -472.0434580719398
95.28427890404677 -450.99977323122454
507.80101633255504 -106.46262525889931
245.09452945705922 285.8572052898999
723.4322183511033 177.23310746653897
-506.6519642798683 -90.54288334869776
324.7080756237164 -386.3068642960002
100.44243178454212 46.05086032310823
-282.4310376659364 126.95901132844791
182.9744782415459 -184.00814917119033
511.9897142622299 -339.9647371111527
-136.59232824876926 26.119921230411997
-104.62815734844042 -63.99625942492938
39.073192231378364 -498.7362946521801
144.7715740676283 148.9104820825699
-325.83024509461467 158.57717687949363
-52.71229964788344 -305.66315429981637
-360.502981893095 294.38212259262735
-554.7747294819943 323.35609269100405
211.18052377864421 275.3250592877193
-124.56548858715668 306.5115617746295
-373.56972585899496 -383.94502916075754
245.2750010311238 -371.1837098635002
-21.339084037732633 95.53249911875643
582.7955685157917 687.2721231339394
-182.36407316132264 -220.27880395321145
101.72129293431779 63.46055427483645
468.0121706134557 -492.89399127598136
-662.322729715327 -171.48699133784308
181.16334577324176 -18.114064385940267
256.905548088346 -94.24431492216861
-130.05657889994467 233.4542464793581
33.155882700324106 -199.5544697687856
-284.1917893552734 -415.45339255598697
110.25213573248806 -43.9728866541602
-40.55040714952019 -137.61424251683863
-374.8287734467586 289.31114687368574
367.5283604274437 -298.32624905992844
35.01257994748197 -543.1762164941688
137.05648523656342 -456.40619028340024
-391.3666281976022 144.79399226879448
250.2790590786643 132.17834294026216
-19.427019905186523 -398.50683970295216
-277.29013311694194 264.85022873673734
111.74811946118632 -142.40023696064006
-425.9470078801025 -665.6913429184365
-173.83862969628643 74.91595720939817
-216.74385347381073 -519.9447601946473
-220.20762629427966 398.28344983869533
-529.9155317749128 -340.69582608700756
-125.03276462053353 287.9569968444949
352.7748414662031 127.36813818415509
-604.7880507495582 -3.410197740816001
156.40454920854899 76.86059963808869
-388.0005935860325 273.3815168796317
661.0968424402533 -153.42471708198593
158.96639963782656 -294.72315020540566
-87.48020183683242 -99.3193624636793
500.06796412874 202.88375042028034
-48.667253521443094 -281.15638916801583
519.7641143595899 -770.572371897861
-47.062732500323435 407.7216300406423
262.02447934204145 386.44478802972435
-55.5806689740067 -298.1732705014931
-76.55794947678505 -249.58187709814905
188.49964924655362 -251.42309078613124
-308.9148619703773 430.6860240955919
208.00505517577045 585.7459799821545
194.06523824506866 237.8510626137239
148.25749643343812 445.6215425998845
303.86157333293806 -175.3539797450868
684.5374458723824 -295.08588490868476
200.05067892719418 340.0335803098471
188.33286163295773 239.43087967473667
10.676303944223957 63.18518314275504
452.1905037123383 -28.041922441664326
77.93096849024344 110.45157565165505
367.4839056931321 -89.47229487668389
-32.488819368312136 149.2776393795462
-192.56318947633727 -373.26949137984974
108.48974909794312 254.16337523245312
-548.5886460133315 229.04742975710295
-787.1149322324413 325.34111693994834
764.9286302104148 -670.2136669509351
601.0483723075657 -383.6315500847113
-379.19298313458114 -280.437456154351
-300.96005475608956 212.58844119473662
-167.26709862325606 -421.1100192289192
463.1895151448915 493.70205751989926
-476.6511618311329 537.5309482985152
359.0804290148207 38.438829547629005
-90.9163969247184 566.4616765216747
23.06396780487732 -99.82903272265614
50.69283955249829 -131.96997114161817
404.8464585313468 43.1124367861726
278.9707716707597 -822.0747712559519
516.3678290048151 741.0847829909303
-156.32599558610272 80.83752229641003
148.88568532538176 130.46073950382413
98.12625840951505 559.673421423958
-238.17867818540108 775.1624223986419
285.11766453151546 -566.928115510369
-58.28909432468245 -556.34440941658
-76.36994403343355 284.1176212299968
178.54140877590996 -234.12113886501066
176.80111066835215 -237.91000040821135
-30.72291891022497 -190.87881584220858
325.83295978958733 248.58182111113314
-180.13613111002954 -790.0089997285646
291.4546865585584 -129.63096561173862
-158.85551677458312 -8.360469818470657
-125.23642449900228 -197.43543129603208
-131.1518714840095 265.3015314468108
-637.8669934700232 237.81872735860964
8.33754608188846 108.72003152048582
-397.8026876366232 76.8354468814569
-212.33361828928352 473.91199480884524
-338.93396497838467 -305.94954196272033
-545.3874707846616 350.8519438246822
-26.3156759514482 -115.53887359885218
-147.61819172275054 241.09862248680906
216.39527710936687 368.4473346901519
94.39164166757733 368.33195424897406
-581.2870744574489 218.1910641969199
374.1436428110394 2.6898122503995796
245.30897234238884 -632.5141698988324
-46.49911076985979 -444.4696524558321
-216.36127830397012 -408.88306323065433
200.8342902548803 -89.24015878256651
-27.639986854906134 -321.7351614308867
417.7201659811088 -34.40893401082097
-257.45982925839365 -623.528455599933
405.8957196331666 -504.76478027037217
-725.9333147763288 253.13167825605248
340.9142826218793 36.54317536743344
-540.0500860059636 15.803449594120277
-12.153927189572896 -410.99122523641
69.02316996583815 -693.5805252788501
-136.43855854470667 -88.33171727718218
-287.07818734770717 -701.5155333703207
280.48870575083544 -14.396225791691316
303.2520253179539 -165.22478422673908
-81.90751788767837 59.95239235838746
-690.9879054166197 404.9661070246631
13.35865461956878 192.29678011614445
376.12293211427084 -477.45409836090624
11.59623601302455 65.13635362092556
652.800322899929 265.1471662112196
-425.08848759664875 918.5275096613111
-77.75889981473824 106.58241896736564
-456.66692786178476 -295.4358131125118
-7.489829281523195 292.2812148508646
389.8707361409429 182.5741486639947
111.53212232719393 -492.50398853232593
193.13541425552717 -45.786280867011506
104.80982154889095 93.36408756860462
-718.498594833075 -645.1056523580678
4.8825681717773035 386.52666078143784
-433.4238509539126 10.54394729467716
593.2952599463949 -63.22200635362072
451.868409942683 232.05568218582803
-80.83044427468282 27.273617961812175
500.8970349867344 703.4516847827769
-618.6211931602047 94.1200732398483
72.62123495736842 365.6238150241022
47.825279751765414 359.3621816215104
-328.7099102528195 312.8579769696623
123.98206810181067 -20.252927754538405
-287.5381245656493 60.23671332709679
-92.28322669808314 -9.73340483055897
-34.36042819878188 -378.67490226701943
-92.59051025195195 -137.16902109125925
-749.9430124815088 267.6553862479136
395.7464152187104 203.6426268498263
-32.857690185654285 -420.63358318565446
188.94708149600723 -132.68208634611955
113.56438226388649 503.62195368625953
8.511001705778146 128.0253677447894
348.2456295379685 553.1074153086311
327.6767888248894 -329.95478163812874
-130.49730970448326 127.8451425273376
-15.453393582268834 -230.58058736240176
343.80097864642295 39.97903985844976
-125.66040808497348 -473.45414223821825
-378.83929639547284 683.668460172572
464.76542697774715 17.841318987052126
-849.1635689793078 -340.86044442873015
-289.71179472731814 713.7244780918917
-470.5965342235085 130.02038175380437
385.2062370196735 42.544094049625464
168.6948037828376 -152.126090154067
-437.0767319928323 93.00350879698264
-275.68543176698694 -250.19451735389856
-106.48010937723903 -317.78049747510585
275.4279075921586 28.164805280277648
-139.59109211880644 254.30688666374292
-419.07823814089556 177.47060669958552
-201.40615830229504 293.2592893102575
146.76017884287305 83.75491800102343
31.076021706759278 -97.79799891174957
-142.64510206212165 -395.5908361939881
61.41428705449033 -39.773552641476726
-665.2205385173634 217.2407280679472
519.4647592001674 -296.4953909099599
179.10426867687957 -363.40604998634603
673.0310180581494 69.96836770013965
-120.0839039668255 698.0343696190599
106.8281300476077 859.4215568646655
-66.08067058054264 -154.6138486680272
-602.3082794230734 -523.8772520600287
-194.96236365290946 -307.5750694141486
-149.7466151038931 286.62200869415153
107.67648530035453 -490.1131933857728
275.7551837209709 295.0975659952651
5.792190361940032 -818.4293812243618
-504.028844134999 54.942239061152534
-404.5218014222719 -149.13772640506227
282.18796424046786 -308.35439432022474
-68.54734318163372 -378.52427318369917
-58.899304663259265 -263.201954191904
12.459896105078247 -316.1625418962565
-262.883582149582 -432.0060982008572
-295.9092441238685 401.35219159992795
-709.7406384657602 289.96518789943957
-276.74129197911395 1004.773297045802
398.13517957606217 -130.5695254543062
-170.96446045168508 -400.22532261484673
-158.11931238938806 -105.42552239821592
22.913830422262066 115.23798569437633
-74.51402369828978 101.2474707710995
-135.0364295904844 -4.605988688681375
329.2680286631882 -405.7818446329819
154.6773318526725 -267.160517067759
92.70113750957505 436.149269898796
-588.642180951724 312.5430539491492
-427.652108501783 -267.6029705449354
-294.577784941409 -557.585232986165
-72.24233166396294 -86.08208439860577
-99.61120013497501 -267.3656944480243
111.71400482447828 -221.77457080543886
309.8389946238093 134.48906230541192
-62.550418669083626 -1.5646002879172434
13.254653151368256 -496.6511982826914
55.681394271915345 420.5395812518511
474.8772645651974 78.79088397709845
162.38729477275433 515.6770812831738
-136.00396695942547 982.0363141083637
292.6676207316927 -198.9698877507805
-123.45236138144922 -366.16838619734
-47.600092807940584 -342.362468768709
-317.4027851815551 106.51000611604316
-338.8355676509786 206.84762929746861
-962.5939504639522 541.5950627149172
-532.9961537130347 -272.4021164699896
110.83835635735143 728.1627143785055
334.1479300438219 168.68396845784412
881.709377036367 260.21961280274394
-169.05399555831784 153.24018786638197
507.9203120921143 177.6049449805421
291.81957669037905 -88.70002718090537
-24.764766680867073 -261.7402883349945
-256.6938158841145 129.50163656825785
-210.87990616992678 -125.58759998110693
475.6831060269259 -22.96921674792435
-171.22741790002672 -860.0970637082052
292.80336011013446 299.7179490637926
-583.3062210059144 -185.70507260407507
90.17148495695709 404.89254752163487
-520.5667266874254 -110.01373914509149
358.8653465284508 -480.94079131070436
-320.9435094600317 -408.6375584299206
29.074751953541735 -286.4069820128274
-388.386467884904 -32.71724461893551
382.1676776257904 -292.9867489846973
255.7616210484996 244.46995637291565
-192.2310246922652 4.843990765320845
-172.8683395352712 -4.882543832662195
268.3350212711813 -238.48118144277746
-300.20458320455765 385.6628979997666
-248.43144096032262 -112.39833600994277
104.61689547675218 45.15262157877949
-172.33300152751568 496.03790967750916
276.1746598158276 -731.0321570617698
-227.0900089373666 400.2710106590016
-394.2755962796647 440.26595348257325
52.475322231052786 -464.9551302754036
-65.40293762025881 45.78078277566289
532.4126742275926 348.2078927359472
130.56134486260834 -473.6344911241404
-72.42684043294342 27.690672990272514
256.869549228674 -436.8558181102828
-455.3232082280401 201.0245928230534
-582.9777964567054 -69.32320729837369
282.15739836365276 158.28541123657317
-457.3301560984665 -720.512260465883
-62.397530983050956 304.0696411264489
-269.92103240679376 -89.9605885651112
-115.26443499729491 347.87943718394456
-426.4709659761324 299.42684255630337
204.92458910659127 11.590549738257131
508.92132827846524 -114.90294256051544
355.4491225151101 26.638188642507345
84.31408604759112 -200.83808248487696
592.9464777568617 198.6123042349322
428.1383215425781 -284.44906406878147
97.93517344896838 -531.9923267683862
99.6161123834129 -229.39820116039184
22.721067803714426 485.02949819990357
196.2398080778571 -232.43699430508056
41.181572396877286 703.0784866003006
-660.0794904432483 -87.19171322027347
35.40273976139131 -248.8653245445194
43.84053330927101 8.563570853156858
266.65042167075086 -144.21851810285509
-53.43714541509585 306.63046302553624
-4.3834993610050015 150.1962635919423
-141.7814808825816 234.01007568470848
255.6306987917839 63.34886450089399
-756.9410454109756 172.99610065438512
-20.090739857747792 772.4615463890112
616.0811826805198 -194.74544896328058
-68.30753756145046 544.225370514953
-130.86175711227014 -143.40231946882233
605.103814325272 120.3122144519484
329.92578640011 -388.9929519949027
-414.37544192011137 -144.23886840008277
443.11787030026085 -29.931742536656458
350.1552195686874 -565.1628163927941
-160.11317662874166 -143.05673351611927
-13.051796478684764 130.18789320671206
525.6174796379363 -427.5026191293494
-87.5757321660143 26.37488670205362
-192.80297307764297 175.0721081365092
-24.748651286738085 230.88621463007908
-295.7270870859762 270.44533863438363
-286.64731912918603 297.0487766328729
-150.5238296413275 580.1950827739769
-185.46796736123525 609.2997834792158
-113.55633512235669 812.1131798971066
-96.76395037358368 -144.78621032821056
-203.14381130463298 -56.07872104453888
169.76963526682064 93.02735461555339
-106.05292121804365 -96.15982002650614
321.1634601296838 -416.8817012277355
-463.47387755435193 214.919753690145
-217.86872092207722 -368.22026152219064
-45.42539858299101 64.4781809626917
-230.95758800882643 -1.142589062701814
603.418392869281 24.00404963253139
-542.603458983825 106.44181506288604
380.2541410072287 -33.59118071875519
-23.324064203454924 501.23600070266536
-322.99098277315863 -261.0557355944728
-476.95891114401377 -312.7324960973816
-412.99562881473133 654.5691525979705
-217.88561782707876 399.9775075041744
-486.4325477419762 -382.5427292525973
155.34013010226712 220.5318235288081
466.38952159609556 278.5985270184913
137.4108498398667 412.56761230378436
421.8514128138067 -30.215970133503404
-135.88379647175725 -90.936961464482
196.55711452229582 78.05131738020022
330.0325560136005 458.1749362838013
453.15928663615995 19.656773423431666
-518.4277172653049 93.73696775530391
70.4187773336275 -111.68429269631861
-294.61479740112395 -270.82574557677304
216.71197530103058 -198.40041527258154
9.593811673619552 332.0892604873064
-310.3981455119553 -312.39696525014256
184.68191035580736 632.1193824662714
588.3351037328239 362.5256521364726
-436.56845541813504 118.28658370220339
86.02932292871776 -462.8408795113509
-579.6751332358127 246.28038499412742
33.61771072896186 -421.40776541528584
138.5779657614925 -531.2667699260294
246.30796913020689 78.40832024816767
-175.61577083821444 -255.7045501391096
2.151295981854264 248.07482669500027
468.7794134876723 -115.58403433636262
234.13925571016878 -146.30977014839712
112.49098161192516 -184.98919770171463
22.61041153295643 529.0091472555022
237.79662766254165 208.56544042894032
15.048791545934389 -138.6172343669136
788.7739506960011 -165.00814856031778
-31.388875172860825 210.06898670118161
235.3771146219009 -68.0172361371664
-710.5165158876372 -548.41432479801
-312.80629814442256 -121.34965160185475
135.09280354153412 -90.15800539412723
243.01731644795456 -70.4335921048138
669.5594361356206 419.97690687403116
-219.32517041928173 27.365489973135613
-68.9809792663156 -172.62123382794013
340.59987628003114 -277.69916680642297
54.85715397568755 -713.6868617206904
512.7241283223509 17.542928305931838
-601.9605074220246 -176.9823057513007
248.94888042233794 441.82085840208805
-467.5518425244168 330.17685595172554
552.2000299735874 55.18175821308829
-232.67742008333423 510.94016089011967
796.4163445345789 433.61519433496596
-229.0098711751725 -16.56024948957493
-203.66144957331142 83.52112879429643
-460.26961337230455 -346.1961935682439
-403.22235349738503 -55.75458363588069
510.81850147011266 -630.3575215709693
-101.4511802251747 102.15866547624258
-595.0020557567407 -680.5276824123978
40.07017055250997 243.79192602223628
285.36757183490437 162.25964925608233
81.382802512085 170.88760913237195
461.155214837294 203.14505458008557
137.53293877237465 -358.07266256053566
-165.55335363855284 -74.11581768127088
222.66356420940588 -49.95671905755413
-64.19594714712433 198.8693737425228
-845.0392130935201 197.62949823630348
231.51646159765025 -277.45380671801905
-575.7053300096779 278.76949032836774
-232.2068738900653 -160.62612490118548
65.48426461500244 -732.0291540340493
-564.8450174091964 506.32499314810076
-730.9879179043692 -223.8867702591927
158.89107763525257 417.6022758962523
-193.40325619032052 98.22187242521498
143.45985069841583 -58.36878832934676
-351.8646988181495 -261.9488540456162
127.20500004364919 -418.5471152325334
599.6583666339791 -74.31835485080654
216.49735547855298 -353.85498038014094
341.54148865706065 -53.96828266359455
76.51491724427507 254.80270767944108
150.35556962365683 32.28171168534161
137.5115802382661 174.89127187493327
227.26243988211235 -48.60106182649226
135.90894350693358 -509.4596218205347
-424.8376692274043 217.07852200045818
-228.69362388114348 35.74744552750629
-528.6825698335465 -39.632549859582305
-165.11301902221032 -38.754600430826734
109.05220725459483 -75.50635440536651
-485.64891167835856 -1086.1225020032487
-542.823690100435 -235.56959293977573
-223.5659807499424 -289.9389043957617
-457.31527133313665 -403.46575410336385
254.1467947704046 28.492061804752133
-89.47961934920609 59.631859070490485
686.8882396712288 -488.0206773714217
294.1878601842083 -349.74328001177497
-218.09105896756492 115.21099717853777
406.36608987274053 -42.517349318132084
95.6386883800365 -353.38217888160324
-720.2155880950312 -561.9025128471525
-301.86333377236406 854.1306014761949
-383.58713893963096 -25.421783642776116
40.78278981499364 -406.0569992689615
-2.845933341780466 354.74348398337764
-22.185153592352044 -480.9787535917767
-70.21339436126273 2.588652765591935
28.895108025560262 -4.30307884102938
562.7827819185418 -321.0697179784257
-434.73147558541984 -69.66652152577703
-149.99651689286281 -298.9429956525093
56.343692499091695 200.0101797433039
301.519012198428 -466.4041340905852
109.4334145664611 -661.0240606673545
-90.61377272553845 -124.81151198444933
-705.0650915570042 -267.4509225870088
121.87413861360236 -295.8575775217813
-123.22973972330567 471.97910728271586
135.44357262451362 -191.61441615218735
-547.1552775458898 324.6436046136512
