100
-200.5492176121251 147.77966271334944
-379.1012853381433 -101.72934746782204
-376.0123514232338 58.94587676821073
-296.26077607133016 319.2329644963491
373.26736443035 304.3554249708569
-377.81335566874975 -46.93715132189179
-182.4134627940162 259.66215066852345
-88.427510802465 362.9167444057644
-51.61640226468872 405.2409872863792
515.7326379618123 -514.6177467244612
-230.40599082842618 -557.2925552991209
336.5087375161873 91.85731960230862
-530.8310781017301 -268.9389270200905
133.6144042759071 -553.0654973551235
-876.0326220768827 -255.8890230091974
184.50065163113607 -328.3462119341343
-76.84647566988333 -202.0257077409718
66.76985480020615 -41.49928765840699
12.22632422963493 -139.98853517135495
-445.8136879174082 -282.68789186213144
-416.1945007724859 -301.1369172631249
115.87711235718285 704.8395612345486
-381.1575190762305 27.163396252218384
74.71638498129407 -139.72109293510425
180.44317174775335 259.63028776711775
-591.0354267039796 -442.2201589265903
19.608516362987245 354.30051111421693
559.5502755410731 -170.8372907885258
4.363042785239631 -267.6094093811579
-331.9041111291052 -106.9042637418944
556.5098092596551 211.96243801537142
116.01968135364612 -270.8190811524184
-564.8070865678405 59.71212508202107
-184.22870002655242 184.90997145124146
96.58809441407232 -244.6250216022523
189.62216628972243 33.88833053206576
-526.6350329615111 -103.84598942642901
76.81720522806849 -356.1028040945735
301.1765375914576 -677.4791199644642
423.8468377019295 0.6332912983026916
438.1320817353992 193.42094367130727
-60.246898872444945 80.40575168137867
174.38784619239237 -162.73829855854277
-224.35074544189408 -27.94653653805617
198.1049358673175 -162.90233759610624
-799.1373184495015 722.0236230613539
-578.8287750871333 -423.3711450348759
-22.54045164382423 369.5449685554935
332.2932192938843 49.98096392715296
-524.0414619541496 -55.75845012220096
539.6673946086767 64.22878943327123
568.9436073185444 -123.588567562975
-335.0828671256875 -228.42163654580864
225.4628189739727 131.93558322120828
898.1246927867186 292.25830963474544
157.94568819252575 -704.8374315339538
0.8873488668423967 -433.0940619245564
-2.2622361339010033 -70.67969308743795
-301.2313373585283 -502.54719323735037
-628.4346621875839 -243.59524729176135
-443.5572957219437 234.40683151843825
-95.64673446414928 359.7808098899316
128.9780968043341 -135.56520367395578
-2.6368318398767587 -189.54784527962494
-208.9340981125473 -340.82052118304733
200.67838331554546 -171.47046725198334
27.881945833599637 593.3332501213752
365.732103651332 596.4769608969953
200.79193139798394 -217.7835747429843
-78.74469145187174 -83.20403411638783
151.22046718049057 4.865957773967046
310.59244209608016 -376.66159802346505
802.9396180306921 -679.9957764706514
-78.10003980410434 -399.97475745695294
-52.32057038544797 39.345028275763205
-389.02336699318334 214.60349181518944
1110.2323362927093 353.8241182584558
-272.5215203905542 -147.2687561103175
289.78483911663204 187.9227547464313
623.9892854908924 -203.18073230341042
-245.06079867541936 313.81693655951995
540.9540429620224 -366.64514150009364
-14.589441529089177 -50.39706890663025
-155.52788599577443 165.4455556165033
-250.32757449423355 -73.08722547505094
-504.83449473831786 -248.4132235967668
493.262708453353 459.2043000715365
65.61444433515894 -96.50822350457095
-618.2352322194623 392.10625109903094
-467.3089125595847 -194.7514106780784
-127.06887717431636 107.00370895210611
125.39272426325603 61.5705334204884
403.01564109427113 6.007209100195322
306.7973862789247 388.4427792648736
-563.204267063272 -118.22250617400752
201.43787812194432 -317.2980619657537
-559.8585775471637 424.5238238302387
-89.45936289626357 -326.447411581178
87.39299959354288 -158.23822149534274
333.77156355408454 639.973038256379
